1 0.09975961538461539 0.578125 0.15384615384615385 0.19230769230769232
1 0.16346153846153846 0.7055288461538461 0.12379807692307693 0.3449519230769231
1 0.26322115384615385 0.7295673076923077 0.16947115384615385 0.3076923076923077
1 0.3389423076923077 0.7355769230769231 0.1622596153846154 0.2644230769230769
1 0.4495192307692308 0.7391826923076923 0.16466346153846154 0.27163461538461536
1 0.5516826923076923 0.7475961538461539 0.1502403846153846 0.2620192307692308
1 0.6213942307692307 0.7548076923076923 0.15985576923076922 0.2512019230769231
1 0.8137019230769231 0.7668269230769231 0.14543269230769232 0.25961538461538464
1 0.7163461538461539 0.7704326923076923 0.15384615384615385 0.23557692307692307
1 0.9050480769230769 0.7704326923076923 0.15625 0.2824519230769231
