1 0.16466346153846154 0.41947115384615385 0.12740384615384615 0.16947115384615385
1 0.8737980769230769 0.5300480769230769 0.13701923076923078 0.20192307692307693
1 0.8257211538461539 0.5625 0.11778846153846154 0.1875
1 0.765625 0.5817307692307693 0.14543269230769232 0.22716346153846154
1 0.6971153846153846 0.5973557692307693 0.15144230769230768 0.2403846153846154
1 0.6274038461538461 0.6129807692307693 0.15865384615384615 0.2800480769230769
1 0.5612980769230769 0.6454326923076923 0.15384615384615385 0.29086538461538464
1 0.46274038461538464 0.6646634615384616 0.16947115384615385 0.3858173076923077
1 0.34975961538461536 0.7211538461538461 0.15504807692307693 0.39663461538461536
1 0.2247596153846154 0.7295673076923077 0.1310096153846154 0.3581730769230769
1 0.13221153846153846 0.7331730769230769 0.12740384615384615 0.3233173076923077
