0 0.936328125 0.5626463700234192 0.06953125 0.04566744730679157
0 0.873046875 0.45491803278688525 0.02890625 0.01990632318501171
0 0.971484375 0.4519906323185012 0.05703125 0.04215456674473068
0 0.9609375 0.5649882903981265 0.03125 0.03161592505854801
0 0.987890625 0.5778688524590164 0.02421875 0.059718969555035126
0 0.873046875 0.699648711943794 0.19609375 0.09953161592505855
0 0.019921875 0.572599531615925 0.03984375 0.03981264637002342
0 0.987109375 0.917447306791569 0.02578125 0.1557377049180328
0 0.7234375 0.452576112412178 0.1421875 0.05737704918032787
0 0.530078125 0.49824355971896955 0.14921875 0.040983606557377046
0 0.333203125 0.49063231850117095 0.16015625 0.11241217798594848
0 0.809375 0.8542154566744731 0.375 0.11826697892271663
0 0.2171875 0.5087822014051522 0.1875 0.12295081967213115
