0 0.858984375 0.39449003516998826 0.02890625 0.022274325908558032
0 0.5453125 0.48300117233294254 0.0265625 0.02813599062133646
0 0.668359375 0.4730363423212192 0.03046875 0.0246189917936694
0 0.4296875 0.5504103165298945 0.0359375 0.03634232121922626
0 0.820703125 0.4196951934349355 0.05859375 0.04689331770222743
0 0.647265625 0.49824150058616645 0.03515625 0.03048065650644783
0 0.7640625 0.4794841735052755 0.0375 0.035169988276670575
0 0.31953125 0.6359906213364596 0.1234375 0.03634232121922626
0 0.59453125 0.705158264947245 0.0421875 0.038686987104337635
0 0.558203125 0.5556858147713951 0.06640625 0.03751465416178194
0 0.383203125 0.6611957796014069 0.05078125 0.04689331770222743
0 0.13203125 0.7045720984759671 0.13125 0.13833528722157093
0 0.66640625 0.6213364595545134 0.0390625 0.044548651817116064
0 0.421875 0.8089097303634232 0.090625 0.07971864009378664
0 0.069921875 0.7596717467760844 0.13984375 0.14302461899179367
0 0.509375 0.6371629542790153 0.1421875 0.10902696365767878
