0 0.7453125 0.29375 0.49375 0.14166666666666666
0 0.9328125 0.27291666666666664 0.134375 0.0625
0 0.7421875 0.234375 0.471875 0.09375
0 0.75078125 0.35104166666666664 0.4953125 0.15625
0 0.27890625 0.26666666666666666 0.5578125 0.15833333333333333
0 0.58671875 0.6760416666666667 0.8203125 0.2520833333333333
0 0.196875 0.5427083333333333 0.390625 0.12708333333333333
0 0.3984375 0.4354166666666667 0.790625 0.2791666666666667
0 0.496875 0.8395833333333333 0.99375 0.31666666666666665
0 0.05390625 0.63125 0.1078125 0.12916666666666668
