0 0.526171875 0.5416666666666666 0.35234375 0.175
0 0.82109375 0.653125 0.3578125 0.23333333333333334
0 0.51953125 0.5161458333333333 0.2125 0.12604166666666666
0 0.192578125 0.6223958333333334 0.19765625 0.159375
0 0.073828125 0.5020833333333333 0.14765625 0.11458333333333333
0 0.139453125 0.5828125 0.24453125 0.171875
0 0.451953125 0.4515625 0.13046875 0.04479166666666667
0 0.39375 0.590625 0.46875 0.2520833333333333
0 0.608984375 0.6182291666666667 0.65390625 0.28020833333333334
0 0.822265625 0.7614583333333333 0.35078125 0.21458333333333332
0 0.9453125 0.4427083333333333 0.1078125 0.05625
