0 0.45703125 0.43903868698710435 0.0328125 0.01992966002344666
0 0.782421875 0.4501758499413834 0.03359375 0.016412661195779603
0 0.358984375 0.4425556858147714 0.07265625 0.04337631887456037
0 0.053515625 0.46600234466588514 0.10703125 0.04572098475967175
0 0.993359375 0.49296600234466587 0.01328125 0.09730363423212192
0 0.63125 0.5697538100820633 0.2390625 0.4806565064478312
0 0.023828125 0.4601406799531067 0.04765625 0.04806565064478312
0 0.396875 0.6160609613130129 0.2609375 0.3645955451348183
0 0.025 0.6096131301289566 0.05 0.26025791324736225
0 0.865234375 0.4501758499413834 0.02890625 0.01875732708089097
0 0.8203125 0.5533411488862837 0.35625 0.3563892145369285
0 0.1625 0.6201641266119577 0.1859375 0.45720984759671746
