0 0.2621527777777778 0.253125 0.10069444444444445 0.021875
0 0.7404513888888888 0.209765625 0.3194444444444444 0.09609375
0 0.6067708333333334 0.363671875 0.09375 0.04140625
0 0.4930555555555556 0.240625 0.10243055555555555 0.0265625
0 0.4275173611111111 0.26171875 0.04079861111111111 0.0109375
0 0.3567708333333333 0.44296875 0.12152777777777778 0.059375
0 0.2994791666666667 0.44140625 0.24479166666666666 0.06875
0 0.9375 0.436328125 0.125 0.23046875
0 0.7508680555555556 0.3453125 0.3038194444444444 0.0796875
0 0.5933159722222222 0.417578125 0.1484375 0.14296875
0 0.6271701388888888 0.684765625 0.2786458333333333 0.46171875
0 0.2825520833333333 0.7046875 0.4366319444444444 0.4328125
