0 0.85703125 0.7291666666666666 0.0859375 0.10833333333333334
0 0.76796875 0.790625 0.3046875 0.12291666666666666
0 0.33828125 0.6385416666666667 0.2703125 0.05625
0 0.59921875 0.6625 0.0796875 0.03333333333333333
0 0.86328125 0.7458333333333333 0.1671875 0.1125
0 0.18359375 0.70625 0.3140625 0.09166666666666666
0 0.1375 0.8072916666666666 0.2375 0.14791666666666667
0 0.678125 0.809375 0.259375 0.14375
0 0.5703125 0.8083333333333333 0.178125 0.1625
0 0.3578125 0.8166666666666667 0.109375 0.175
0 0.25078125 0.8229166666666666 0.1078125 0.19166666666666668
0 0.46953125 0.81875 0.1515625 0.17083333333333334
