0 0.35208333333333336 0.462109375 0.06666666666666667 0.06640625
0 0.328125 0.530859375 0.07916666666666666 0.07109375
0 0.6057291666666667 0.8546875 0.10520833333333333 0.1703125
0 0.4203125 0.412109375 0.03854166666666667 0.02734375
0 0.575 0.456640625 0.16041666666666668 0.05703125
0 0.5979166666666667 0.83828125 0.275 0.3171875
0 0.3609375 0.4234375 0.07604166666666666 0.0515625
0 0.4640625 0.426953125 0.04895833333333333 0.03671875
0 0.8723958333333334 0.61015625 0.253125 0.134375
0 0.31614583333333335 0.53046875 0.128125 0.1359375
0 0.6057291666666667 0.51171875 0.18229166666666666 0.075
0 0.4546875 0.5484375 0.12395833333333334 0.1359375
0 0.22291666666666668 0.763671875 0.40625 0.46953125
0 0.8041666666666667 0.682421875 0.38958333333333334 0.33046875
