0 0.278125 0.32708089097303633 0.0953125 0.04689331770222743
0 0.689453125 0.44724501758499413 0.24609375 0.1324736225087925
0 0.155859375 0.6178194607268465 0.06796875 0.18522860492379836
0 0.560546875 0.47010550996483 0.07265625 0.16881594372801875
0 0.728515625 0.4144196951934349 0.13046875 0.1395076201641266
0 0.647265625 0.5533411488862837 0.11015625 0.182883939038687
0 0.782421875 0.43552168815943726 0.20859375 0.18405627198124266
0 0.82734375 0.48710433763188743 0.1109375 0.09964830011723329
0 0.0890625 0.5287221570926143 0.171875 0.10785463071512309
0 0.707421875 0.5140679953106683 0.23984375 0.18640093786635403
0 0.062890625 0.7620164126611958 0.12421875 0.42907385697538103
0 0.38671875 0.5603751465416178 0.090625 0.1336459554513482
0 0.613671875 0.518757327080891 0.17578125 0.26143024618991795
0 0.286328125 0.6019929660023446 0.06796875 0.21922626025791325
0 0.18828125 0.6137162954279015 0.134375 0.24267291910902697
0 0.53984375 0.5322391559202814 0.1046875 0.1899179366940211
0 0.41875 0.5246189917936694 0.103125 0.16295427901524032
0 0.36953125 0.6107854630715123 0.1421875 0.19460726846424384
0 0.465234375 0.5017584994138335 0.08515625 0.17584994138335286
