0 0.48541666666666666 0.2109375 0.04583333333333333 0.05
0 0.6145833333333334 0.4578125 0.09166666666666666 0.14375
0 0.6895833333333333 0.19453125 0.041666666666666664 0.0390625
0 0.9572916666666667 0.19453125 0.08125 0.0359375
0 0.14375 0.75546875 0.21666666666666667 0.4671875
0 0.6875 0.203125 0.07916666666666666 0.028125
0 0.5114583333333333 0.23984375 0.05625 0.0609375
0 0.43854166666666666 0.17578125 0.06458333333333334 0.0453125
0 0.6020833333333333 0.7421875 0.15833333333333333 0.453125
0 0.2635416666666667 0.28828125 0.06875 0.0890625
0 0.3802083333333333 0.5828125 0.13958333333333334 0.3125
0 0.6260416666666667 0.215625 0.09375 0.05625
0 0.4864583333333333 0.4296875 0.08958333333333333 0.125
0 0.39479166666666665 0.2421875 0.05625 0.06875
0 0.8958333333333334 0.4171875 0.20833333333333334 0.1125
