0 0.925 0.7902467685076381 0.15 0.2925969447708578
0 0.36015625 0.5123384253819037 0.0625 0.021151586368977675
0 0.675 0.46592244418331374 0.046875 0.038777908343125736
0 0.715234375 0.6733254994124559 0.10390625 0.07050528789659224
0 0.68046875 0.7485311398354877 0.315625 0.24676850763807284
0 0.454296875 0.5746180963572268 0.04921875 0.0799059929494712
0 0.937109375 0.8936545240893067 0.08671875 0.13513513513513514
0 0.5765625 0.4782608695652174 0.0265625 0.03760282021151586
0 0.592578125 0.5346650998824912 0.03359375 0.0399529964747356
0 0.24453125 0.5393654524089306 0.0421875 0.025851938895417155
0 0.4796875 0.49529964747356053 0.0296875 0.022326674500587545
0 0.5328125 0.7332549941245593 0.14375 0.04465334900117509
0 0.448828125 0.5094007050528789 0.03515625 0.045828437132784956
0 0.519921875 0.4970622796709753 0.02890625 0.025851938895417155
0 0.238671875 0.5857814336075206 0.05703125 0.041128084606345476
0 0.3109375 0.5834312573443008 0.065625 0.0481786133960047
0 0.148828125 0.5569917743830788 0.14296875 0.12925969447708577
