0 0.78515625 0.5354166666666667 0.071875 0.029166666666666667
0 0.06875 0.5421875 0.0203125 0.023958333333333335
0 0.78359375 0.821875 0.346875 0.15416666666666667
0 0.85703125 0.6791666666666667 0.2578125 0.16875
0 0.76953125 0.571875 0.1234375 0.052083333333333336
0 0.1421875 0.53125 0.034375 0.014583333333333334
0 0.60234375 0.6276041666666666 0.196875 0.31145833333333334
0 0.93046875 0.5354166666666667 0.128125 0.07083333333333333
0 0.024609375 0.553125 0.04921875 0.0375
0 0.925 0.6072916666666667 0.1484375 0.075
0 0.730078125 0.703125 0.45546875 0.40625
0 0.972265625 0.8010416666666667 0.05546875 0.25625
0 0.77109375 0.6703125 0.2671875 0.234375
0 0.09375 0.6697916666666667 0.1859375 0.3541666666666667
0 0.018359375 0.6208333333333333 0.03671875 0.13333333333333333
0 0.216796875 0.7640625 0.27421875 0.43020833333333336
0 0.482421875 0.7463541666666667 0.18203125 0.4197916666666667
