0 0.06796875 0.6136363636363636 0.0609375 0.04079254079254079
0 0.9140625 0.7826340326340326 0.0765625 0.03613053613053613
0 0.103125 0.747086247086247 0.0640625 0.04895104895104895
0 0.457421875 0.6410256410256411 0.06640625 0.02564102564102564
0 0.08984375 0.6037296037296037 0.109375 0.055944055944055944
0 0.241015625 0.6993006993006993 0.04921875 0.039627039627039624
0 0.199609375 0.754079254079254 0.05078125 0.06060606060606061
0 0.104296875 0.7132867132867133 0.07265625 0.11655011655011654
0 0.123046875 0.6311188811188811 0.04609375 0.029137529137529136
0 0.2859375 0.634032634032634 0.034375 0.027972027972027972
0 0.23828125 0.828088578088578 0.0546875 0.0780885780885781
0 0.6609375 0.7284382284382285 0.1890625 0.053613053613053616
