0 0.824609375 0.8208762886597938 0.06171875 0.04381443298969072
0 0.769140625 0.8337628865979382 0.05078125 0.030927835051546393
0 0.6546875 0.8021907216494846 0.0484375 0.03221649484536082
0 0.54140625 0.7519329896907216 0.0515625 0.027061855670103094
0 0.603125 0.7667525773195877 0.0765625 0.028350515463917526
0 0.255078125 0.6900773195876289 0.06328125 0.06314432989690721
0 0.921484375 0.8795103092783505 0.15234375 0.05283505154639175
0 0.312109375 0.7010309278350515 0.07734375 0.07731958762886598
0 0.17578125 0.8182989690721649 0.0484375 0.04896907216494845
0 0.71484375 0.8144329896907216 0.0765625 0.030927835051546393
0 0.469921875 0.7641752577319587 0.03828125 0.03350515463917526
