0 0.41333333333333333 0.14 0.36 0.07111111111111111
0 0.025 0.07888888888888888 0.05 0.05555555555555555
0 0.31833333333333336 0.18 0.33 0.04888888888888889
0 0.2375 0.21444444444444444 0.27166666666666667 0.06
0 0.5183333333333333 0.25333333333333335 0.21333333333333335 0.05333333333333334
0 0.32666666666666666 0.22555555555555556 0.5633333333333334 0.08666666666666667
0 0.3566666666666667 0.5 0.7066666666666667 0.1688888888888889
0 0.32 0.29888888888888887 0.6233333333333333 0.1
0 0.018333333333333333 0.46444444444444444 0.03666666666666667 0.1111111111111111
0 0.49583333333333335 0.3288888888888889 0.285 0.06222222222222222
0 0.5133333333333333 0.28 0.24666666666666667 0.04888888888888889
0 0.3416666666666667 0.43 0.68 0.17555555555555555
0 0.36916666666666664 0.6566666666666666 0.735 0.3711111111111111
