0 0.908984375 0.37807737397420865 0.02734375 0.015240328253223915
0 0.705859375 0.37221570926143027 0.01015625 0.022274325908558032
0 0.480859375 0.3710433763188746 0.02734375 0.010550996483001172
0 0.2296875 0.34642438452520513 0.021875 0.01992966002344666
0 0.523828125 0.39859320046893315 0.04609375 0.02579132473622509
0 0.04453125 0.6881594372801876 0.0875 0.13833528722157093
0 0.405078125 0.757327080890973 0.14609375 0.2696365767878077
0 0.607421875 0.7737397420867527 0.18515625 0.2790152403282532
0 0.112109375 0.7520515826494725 0.22421875 0.2637749120750293
0 0.259375 0.7456037514654161 0.1796875 0.2532239155920281
