0 0.988671875 0.2901524032825322 0.02265625 0.05744431418522861
0 0.568359375 0.451348182883939 0.06171875 0.1899179366940211
0 0.62421875 0.42907385697538103 0.065625 0.16647127784290738
0 0.770703125 0.39683470105509966 0.16953125 0.1559202813599062
0 0.22421875 0.5773739742086753 0.446875 0.406799531066823
0 0.173046875 0.4243845252051583 0.16640625 0.10550996483001172
0 0.169140625 0.5416178194607268 0.33671875 0.17584994138335286
0 0.712109375 0.38569753810082064 0.12109375 0.1336459554513482
0 0.4921875 0.46776084407971863 0.153125 0.20164126611957797
0 0.90234375 0.3745603751465416 0.11875 0.123094958968347
