0 0.7796875 0.42777777777777776 0.0671875 0.022222222222222223
0 0.096875 0.38055555555555554 0.0390625 0.025
0 0.843359375 0.35625 0.05703125 0.04027777777777778
0 0.32890625 0.43194444444444446 0.46875 0.6972222222222222
0 0.3375 0.38333333333333336 0.0484375 0.019444444444444445
0 0.328125 0.6451388888888889 0.653125 0.5402777777777777
0 0.558203125 0.32708333333333334 0.04140625 0.10138888888888889
0 0.871484375 0.35555555555555557 0.11484375 0.04722222222222222
0 0.194921875 0.38125 0.02890625 0.029166666666666667
0 0.065625 0.5236111111111111 0.13125 0.18333333333333332
