0 0.419921875 0.6430246189917936 0.09296875 0.08558030480656506
0 0.023046875 0.3810082063305979 0.02421875 0.06096131301289566
0 0.441796875 0.49296600234466587 0.06171875 0.08558030480656506
0 0.5796875 0.6184056271981243 0.18125 0.09964830011723329
0 0.230859375 0.27432590855803046 0.03046875 0.021101992966002344
0 0.48125 0.6412661195779601 0.21875 0.0914419695193435
0 0.36015625 0.4232121922626026 0.05 0.03985932004689332
0 0.5765625 0.7332942555685815 0.228125 0.1160609613130129
0 0.728125 0.7784290738569754 0.3359375 0.17819460726846426
0 0.025390625 0.39449003516998826 0.03359375 0.03634232121922626
0 0.944140625 0.7180539273153576 0.11171875 0.26143024618991795
0 0.35078125 0.2889800703399766 0.0359375 0.026963657678780773
0 0.376953125 0.48417350527549824 0.04765625 0.04220398593200469
0 0.18828125 0.3962485345838218 0.0515625 0.035169988276670575
0 0.265234375 0.36400937866354044 0.13203125 0.05509964830011723
0 0.0703125 0.3335287221570926 0.040625 0.05275498241500586
0 0.10859375 0.5199296600234466 0.084375 0.09964830011723329
0 0.246875 0.768464243845252 0.1390625 0.20984759671746775
0 0.173046875 0.3223915592028136 0.10390625 0.07971864009378664
