0 0.73046875 0.7540983606557377 0.075 0.03747072599531616
0 0.409765625 0.40105386416861827 0.05234375 0.026932084309133488
0 0.71875 0.8032786885245902 0.03125 0.02576112412177986
0 0.637109375 0.525175644028103 0.07421875 0.05035128805620609
0 0.646484375 0.5052693208430913 0.07109375 0.02927400468384075
0 0.587890625 0.3542154566744731 0.02421875 0.01990632318501171
0 0.878515625 0.9285714285714286 0.23515625 0.1358313817330211
0 0.51875 0.889344262295082 0.0328125 0.04332552693208431
0 0.651171875 0.6451990632318502 0.05859375 0.0585480093676815
0 0.5375 0.5995316159250585 0.025 0.04449648711943794
0 0.36484375 0.43266978922716626 0.0671875 0.02927400468384075
0 0.0671875 0.686768149882904 0.0765625 0.05035128805620609
0 0.779296875 0.8542154566744731 0.17265625 0.1323185011709602
0 0.518359375 0.3840749414519906 0.02578125 0.03044496487119438
0 0.745703125 0.7131147540983607 0.08359375 0.06791569086651054
0 0.27109375 0.5070257611241218 0.05625 0.0351288056206089
0 0.122265625 0.8284543325526932 0.23359375 0.202576112412178
0 0.5125 0.8811475409836066 0.0953125 0.09484777517564402
0 0.594921875 0.43618266978922715 0.07890625 0.059718969555035126
0 0.19140625 0.5866510538641686 0.1359375 0.1592505854800937
