0 0.04140625 0.11510416666666666 0.0828125 0.06770833333333333
0 0.16640625 0.178125 0.325 0.1125
0 0.209765625 0.24427083333333333 0.41171875 0.10520833333333333
0 0.96015625 0.9786458333333333 0.078125 0.040625
0 0.2125 0.3067708333333333 0.4078125 0.14479166666666668
0 0.22109375 0.3671875 0.403125 0.17395833333333333
0 0.287890625 0.421875 0.34765625 0.21041666666666667
0 0.26640625 0.5510416666666667 0.3375 0.2708333333333333
0 0.383203125 0.6796875 0.17421875 0.40520833333333334
0 0.869140625 0.890625 0.26171875 0.21875
0 0.860546875 0.7932291666666667 0.27734375 0.221875
0 0.719140625 0.6515625 0.22890625 0.36354166666666665
0 0.55234375 0.6463541666666667 0.1703125 0.37604166666666666
