0 0.013671875 0.30552659019812306 0.02734375 0.018769551616266946
0 0.269140625 0.5286757038581856 0.17421875 0.054223149113660066
0 0.35390625 0.6543274244004171 0.184375 0.15119916579770595
0 0.276953125 0.5015641293013556 0.17265625 0.09384775808133472
0 0.4375 0.6876955161626694 0.259375 0.11783107403545359
0 0.535546875 0.8738269030239834 0.40078125 0.20437956204379562
0 0.878515625 0.8274244004171012 0.24140625 0.2659019812304484
0 0.0984375 0.4238790406673618 0.071875 0.03858185610010428
0 0.196875 0.7606882168925965 0.209375 0.07820646506777894
0 0.144921875 0.3409801876955162 0.08828125 0.06882168925964546
