0 0.95703125 0.5351699882766706 0.084375 0.04337631887456037
0 0.190625 0.447831184056272 0.03125 0.016412661195779603
0 0.779296875 0.5134818288393904 0.05078125 0.044548651817116064
0 0.41484375 0.47362250879249707 0.0765625 0.021101992966002344
0 0.559765625 0.4618991793669402 0.16484375 0.10550996483001172
0 0.937109375 0.5216881594372802 0.10390625 0.06096131301289566
0 0.833984375 0.5175849941383353 0.10078125 0.04337631887456037
0 0.742578125 0.5082063305978898 0.06484375 0.04337631887456037
0 0.16328125 0.48827667057444313 0.071875 0.059788980070339975
0 0.523828125 0.6524032825322391 0.49140625 0.2801875732708089
