0 0.34322916666666664 0.453515625 0.14895833333333333 0.28515625
0 0.45416666666666666 0.34453125 0.03333333333333333 0.03125
0 0.5307291666666667 0.393359375 0.121875 0.06015625
0 0.6088541666666667 0.3796875 0.057291666666666664 0.04375
0 0.8151041666666666 0.466796875 0.121875 0.07421875
0 0.39010416666666664 0.41796875 0.06979166666666667 0.078125
0 0.9703125 0.536328125 0.059375 0.17890625
0 0.5557291666666667 0.38046875 0.06354166666666666 0.0515625
0 0.4822916666666667 0.412890625 0.06458333333333334 0.05859375
0 0.9296875 0.685546875 0.140625 0.25703125
0 0.3411458333333333 0.537109375 0.13645833333333332 0.11796875
0 0.7067708333333333 0.45078125 0.11770833333333333 0.1140625
0 0.16875 0.767578125 0.33541666666666664 0.46171875
0 0.4890625 0.583984375 0.171875 0.23828125
0 0.7088541666666667 0.627734375 0.35520833333333335 0.19453125
