0 0.38203125 0.7681498829039812 0.0546875 0.03747072599531616
0 0.6421875 0.7002341920374707 0.0296875 0.02810304449648712
0 0.483984375 0.6932084309133489 0.02265625 0.0234192037470726
0 0.2796875 0.6967213114754098 0.025 0.02576112412177986
0 0.329296875 0.7060889929742389 0.01796875 0.02107728337236534
0 0.66953125 0.7236533957845434 0.0375 0.0234192037470726
0 0.6140625 0.7330210772833724 0.0296875 0.03747072599531616
0 0.309765625 0.7552693208430913 0.04609375 0.02576112412177986
0 0.52734375 0.7423887587822015 0.0609375 0.0468384074941452
0 0.4046875 0.724824355971897 0.0421875 0.04918032786885246
