0 0.9390625 0.3264947245017585 0.025 0.015240328253223915
0 0.544921875 0.4618991793669402 0.22578125 0.11488862837045721
0 0.223828125 0.7145369284876905 0.44609375 0.2309495896834701
0 0.3375 0.5656506447831184 0.675 0.5334114888628371
0 0.411328125 0.5627198124267292 0.24140625 0.2227432590855803
0 0.216796875 0.5263774912075029 0.15390625 0.11488862837045721
0 0.9171875 0.3511137162954279 0.0671875 0.0246189917936694
0 0.83828125 0.335873388042204 0.0265625 0.01992966002344666
0 0.566796875 0.5422039859320047 0.21015625 0.28722157092614303
0 0.0328125 0.42555685814771393 0.065625 0.05627198124267292
0 0.053125 0.4917936694021102 0.10625 0.09730363423212192
0 0.69921875 0.6799531066822978 0.44375 0.4947245017584994
