0 0.53359375 0.6086956521739131 0.034375 0.03760282021151586
0 0.426953125 0.6092831962397179 0.03984375 0.022326674500587545
0 0.504296875 0.7773207990599295 0.07421875 0.12808460634547592
0 0.648828125 0.5804935370152762 0.03359375 0.023501762632197415
0 0.3421875 0.6404230317273796 0.0453125 0.07520564042303172
0 0.761328125 0.5945945945945946 0.07109375 0.0399529964747356
0 0.51015625 0.7931844888366627 0.409375 0.2256169212690952
0 0.30390625 0.5875440658049353 0.146875 0.09400705052878966
0 0.918359375 0.617508813160987 0.14453125 0.045828437132784956
0 0.575 0.6169212690951822 0.084375 0.06345475910693302
0 0.805078125 0.6257344300822562 0.08984375 0.041128084606345476
0 0.137109375 0.6750881316098707 0.27421875 0.11163337250293771
0 0.165234375 0.8113983548766157 0.29921875 0.22209165687426558
