0 0.55234375 0.6254396248534584 0.040625 0.038686987104337635
0 0.966796875 0.5896834701055099 0.06640625 0.08909730363423213
0 0.503515625 0.645369284876905 0.05703125 0.04806565064478312
0 0.01875 0.7930832356389215 0.0375 0.029308323563892145
0 0.220703125 0.7444314185228605 0.11953125 0.08909730363423213
0 0.219921875 0.7690504103165299 0.12109375 0.035169988276670575
0 0.6375 0.6611957796014069 0.0234375 0.032825322391559206
0 0.85 0.8599062133645955 0.0625 0.05041031652989449
0 0.091015625 0.7778429073856975 0.11953125 0.05275498241500586
0 0.81953125 0.6049237983587339 0.034375 0.03048065650644783
0 0.71796875 0.608440797186401 0.0609375 0.03048065650644783
0 0.8875 0.8001172332942555 0.225 0.05275498241500586
0 0.684765625 0.6817116060961314 0.05390625 0.041031652989449004
0 0.420703125 0.6617819460726846 0.14453125 0.12075029308323564
0 0.933203125 0.597303634232122 0.08515625 0.07620164126611957
0 0.094140625 0.9202813599062134 0.09609375 0.10082063305978899
0 0.801171875 0.7104337631887456 0.07734375 0.0914419695193435
