0 0.9109375 0.09613130128956623 0.040625 0.03048065650644783
0 0.63359375 0.33411488862837047 0.6015625 0.35873388042203985
0 0.8625 0.18347010550996484 0.2703125 0.1324736225087925
0 0.325 0.14830011723329425 0.11875 0.03634232121922626
0 0.741796875 0.3839390386869871 0.38203125 0.2473622508792497
0 0.491796875 0.13774912075029308 0.08359375 0.041031652989449004
0 0.76953125 0.18405627198124266 0.084375 0.12192262602579132
0 0.229296875 0.17409144196951934 0.11328125 0.05275498241500586
0 0.64609375 0.20750293083235638 0.184375 0.11254396248534584
0 0.976171875 0.3798358733880422 0.04765625 0.0984759671746776
0 0.171484375 0.17291910902696367 0.22734375 0.059788980070339975
0 0.46484375 0.24501758499413834 0.2796875 0.20398593200468934
0 0.260546875 0.46776084407971863 0.48046875 0.31887456037514655
0 0.428125 0.36283704572098474 0.590625 0.38569753810082064
0 0.090234375 0.5627198124267292 0.17890625 0.2813599062133646
