0 0.43359375 0.6506447831184057 0.0453125 0.02579132473622509
0 0.232421875 0.6160609613130129 0.02734375 0.017584994138335287
0 0.178125 0.6213364595545134 0.034375 0.03985932004689332
0 0.39296875 0.6289566236811255 0.0171875 0.0246189917936694
0 0.387109375 0.6055099648300117 0.02890625 0.026963657678780773
0 0.03203125 0.6559202813599062 0.0640625 0.06447831184056271
0 0.487109375 0.6893317702227433 0.06796875 0.03751465416178194
0 0.565625 0.705158264947245 0.0703125 0.06213364595545135
0 0.112890625 0.6459554513481829 0.10078125 0.07033997655334115
0 0.308984375 0.6160609613130129 0.03984375 0.029308323563892145
0 0.620703125 0.720398593200469 0.07421875 0.05275498241500586
0 0.091015625 0.7778429073856975 0.18046875 0.1910902696365768
0 0.278515625 0.8171160609613131 0.26015625 0.22977725674091443
