0 0.633984375 0.5937866354044549 0.06953125 0.06916764361078546
0 0.890625 0.7233294255568582 0.146875 0.0914419695193435
0 0.5921875 0.5046893317702228 0.0359375 0.026963657678780773
0 0.49609375 0.4718640093786635 0.034375 0.01992966002344666
0 0.539453125 0.4765533411488863 0.01328125 0.012895662368112544
0 0.077734375 0.6055099648300117 0.15390625 0.15357561547479484
0 0.663671875 0.6066822977725674 0.09609375 0.06447831184056271
0 0.462890625 0.49648300117233296 0.05390625 0.01992966002344666
0 0.38125 0.5650644783118406 0.034375 0.02813599062133646
0 0.3890625 0.4970691676436108 0.0390625 0.03048065650644783
0 0.09609375 0.6969519343493552 0.1484375 0.07151230949589683
0 0.2140625 0.5509964830011723 0.084375 0.08206330597889801
0 0.2765625 0.5480656506447831 0.059375 0.06916764361078546
0 0.167578125 0.623094958968347 0.10546875 0.1488862837045721
0 0.639453125 0.8241500586166471 0.10078125 0.1969519343493552
0 0.046875 0.7344665885111371 0.09375 0.08558030480656506
0 0.262890625 0.6699882766705745 0.10234375 0.19343493552168817
0 0.811328125 0.8001172332942555 0.15546875 0.14419695193434937
