0 0.7859375 0.4964788732394366 0.3125 0.12441314553990611
0 0.609375 0.49061032863849763 0.15 0.10328638497652583
0 0.01328125 0.5492957746478874 0.0265625 0.056338028169014086
0 0.696875 0.5011737089201878 0.178125 0.11502347417840375
0 0.88359375 0.4894366197183099 0.2234375 0.11971830985915492
0 0.4421875 0.4812206572769953 0.346875 0.17370892018779344
0 0.290625 0.4765258215962441 0.209375 0.1596244131455399
0 0.0390625 0.49061032863849763 0.078125 0.1596244131455399
0 0.10234375 0.4753521126760563 0.1453125 0.17136150234741784
0 0.18828125 0.4765258215962441 0.1734375 0.1643192488262911
