1 0.12193050193050192 0.6660309278350516 0.11378378378378377 0.08139175257731962
1 0.2738223938223938 0.5568556701030928 0.10467181467181465 0.0936082474226804
1 0.24486486486486486 0.8708762886597937 0.12598455598455596 0.1193814432989692
1 0.3088803088803089 0.6972164948453607 0.1605405405405405 0.10582474226804117
1 0.43335907335907337 0.5947938144329897 0.10262548262548267 0.07458762886597937
1 0.4282625482625483 0.5236082474226804 0.09652509652509653 0.06510309278350514
1 0.476023166023166 0.449020618556701 0.09447876447876448 0.09768041237113397
1 0.4943243243243243 0.950360824742268 0.053861003861003814 0.09927835051546387
1 0.3886486486486486 0.8735567010309279 0.11888030888030884 0.14649484536082483
1 0.7027027027027027 0.9432989690721649 0.07722007722007722 0.1134020618556701
1 0.6121621621621622 0.8471134020618557 0.11073359073359076 0.08005154639175244
1 0.7798069498069498 0.8023711340206185 0.124980694980695 0.1478350515463918
1 0.5136293436293436 0.7155670103092783 0.10262548262548256 0.12345360824742262
1 0.28185328185328185 0.9355670103092784 0.10810810810810811 0.12886597938144329
